00100001000001000000000000000000
00001100000000000000000000001110
11111111111111111111111111111111
00000000000000000000000000000000
00010011101010011111111111111100
00000000000010011110100000000000
00100111101111110000000000000000
00000000000010110100100000000000
00000000000011010101100000000000
00000000000010010110100000000000
00100011101111110000000000000000
00010011101010010000000000000100
00000000000010011110100000000000
00001000000000000000000000000000
00010011101010011111111111111100
00000000000010011110100000000000
00100111101111110000000000000000
00010000100100101111111111111111
00000000000000001000000000000000
00000010000100100100100000001000
00101000000010010000000000010011
00000000000000001000100000000000
00000010010100000101000000000001
00000010001010100101100000001000
00101000000010110000000000001100
00000010001000000101100010000110
00000001011001010110000000000000
00100001100011010000000000000000
00100001100010110000000000000100
00000001011011010100000000001000
00101000000010000000000000000011
00001100000000000000000000000100
00100101100010110000000000000100
00100101100011010000000000000000
00010010001010000000000000000001
00000000000010001000100000000000
00000100000000000000000000010111
00010010000010000000000000000001
00000000000010001000000000000000
00000100000000000000000000010011
00100011101111110000000000000000
00010011101010010000000000000100
00000000000010011110100000000000
00001000000000000000000000000000